297
450
374
174
465
394
37
123
266
229
176
328
388
42
133
98
150
53
45
101
272
407
31
245
274
483
264
369
66
156
78
7
398
320
215
419
276
269
456
91
447
376
2
467
301
196
418
362
141
422
457
115
228
58
492
493
399
0
158
299
52
202
453
163
109
103
71
350
326
246
57
73
392
283
308
207
6
191
40
32
206
112
361
193
247
128
426
82
286
175
241
287
466
364
472
155
310
211
367
194
484
118
11
430
491
129
451
107
334
4
96
235
60
198
470
218
408
360
434
39
143
397
12
94
179
318
85
254
428
461
495
61
161
249
219
336
357
404
462
410
147
337
47
444
74
100
148
270
311
190
279
412
233
122
382
358
165
479
449
110
182
220
281
54
167
403
124
30
365
409
145
108
268
316
227
8
390
363
121
439
267
127
321
132
135
192
188
126
70
359
213
77
99
288
290
38
488
424
474
75
448
298
454
487
425
240
117
225
393
322
415
17
355
186
153
317
292
427
307
401
271
119
432
24
214
252
154
385
325
230
383
431
496
285
173
197
134
486
452
204
25
20
356
354
90
64
86
239
34
282
177
333
375
497
28
436
315
309
72
13
62
67
199
83
149
144
423
346
178
139
438
257
473
27
93
105
405
22
131
344
458
300
56
469
304
243
464
353
63
280
379
259
371
253
15
265
468
335
275
340
216
46
302
348
50
263
478
140
319
413
237
18
421
166
323
92
41
162
303
437
164
76
463
116
293
226
171
55
87
255
416
284
386
236
370
395
80
33
19
172
339
84
183
391
244
406
258
400
445
327
187
411
306
238
137
324
420
68
217
373
97
435
313
490
305
248
480
352
36
494
210
396
152
69
168
381
10
224
29
314
221
342
201
212
250
442
170
331
349
195
482
234
43
157
5
489
384
1
169
