140
242
17
45
44
338
303
169
58
293
111
19
249
465
477
459
223
345
425
27
419
431
208
291
160
388
189
52
458
110
93
289
92
351
393
195
448
62
73
444
434
265
147
137
99
452
321
10
470
87
29
258
69
290
445
216
307
267
81
233
186
330
105
71
390
86
135
77
247
436
68
124
344
154
123
439
260
224
299
205
212
138
80
453
297
194
374
326
408
467
190
404
22
347
197
460
462
385
387
43
116
97
51
243
263
451
8
187
60
442
302
193
206
241
204
46
427
95
146
37
352
222
466
148
262
90
170
369
365
437
335
182
70
0
220
246
329
284
468
255
40
301
152
248
401
245
471
94
398
228
49
341
306
85
229
217
196
82
89
298
174
239
54
158
56
456
136
144
234
151
411
399
225
288
79
178
57
317
211
450
20
236
275
84
172
380
316
107
165
287
356
30
424
221
74
349
7
256
454
382
348
259
417
113
319
23
213
475
162
166
324
383
3
371
96
48
133
273
342
416
63
311
283
130
280
432
31
155
435
429
325
129
59
122
337
415
235
198
308
279
368
209
76
55
28
402
476
201
397
252
33
443
295
428
117
334
457
207
199
426
47
157
134
109
386
226
106
406
183
126
333
309
272
323
161
372
100
34
251
78
271
257
128
185
421
179
472
237
112
168
281
210
118
396
11
355
91
9
114
184
441
336
6
331
378
25
413
132
322
469
108
218
264
286
127
359
276
313
430
354
269
175
181
376
478
357
361
188
343
153
266
268
50
410
461
173
320
389
423
240
42
350
231
277
366
447
253
202
5
403
282
370
422
75
405
39
270
141
192
455
163
121
412
318
177
156
314
32
72
353
294
143
285
340
159
176
61
407
296
4
66
119
278
