420
26
170
224
387
275
125
265
101
337
106
246
143
189
236
116
161
200
358
184
155
373
15
160
62
290
156
391
87
382
78
119
59
426
444
410
319
30
266
34
178
164
27
83
135
175
434
134
206
397
137
286
297
28
378
225
288
211
118
111
293
168
400
366
163
210
202
39
185
425
326
339
191
6
350
56
340
279
364
291
193
122
421
201
435
120
412
203
89
172
403
226
414
223
249
72
284
61
447
17
274
107
11
349
316
336
322
374
54
35
146
347
333
90
285
187
97
141
430
37
16
3
237
389
88
448
190
386
433
388
151
328
8
439
95
369
261
70
171
157
315
136
306
132
82
395
207
415
357
401
281
377
140
356
324
196
242
2
20
104
232
408
330
258
173
179
247
346
312
194
370
94
303
219
423
139
353
126
405
441
283
9
174
169
41
23
253
445
440
311
216
121
228
251
392
52
241
51
227
428
269
205
277
96
338
208
270
10
22
33
355
298
195
32
24
361
152
167
431
442
44
262
67
280
177
46
204
363
348
314
180
313
402
181
308
416
127
213
68
394
393
344
159
351
18
334
329
197
74
215
98
192
0
372
243
53
212
188
43
396
307
418
267
352
69
234
375
100
305
295
446
238
250
263
245
360
345
404
282
5
278
130
19
273
264
154
40
13
231
1
320
144
81
398
437
12
411
325
31
36
76
427
80
110
272
58
158
341
48
240
128
376
390
438
114
321
304
323
165
38
384
123
138
64
436
385
217
75
359
55
292
166
220
198
42
255
147
131
112
332
7
149
239
45
109
260
92
381
221
252
214
47
406
209
153
103
21
145
4
