308
40
123
333
223
320
67
24
108
257
422
309
399
53
4
294
380
207
192
107
305
423
176
167
189
353
232
371
436
224
443
282
255
295
130
343
296
150
346
226
338
41
76
201
7
339
16
300
121
445
112
334
289
93
235
272
146
437
375
136
330
149
410
126
265
276
374
59
389
32
157
26
153
163
119
17
225
191
415
246
326
55
237
95
46
426
66
336
86
364
400
267
120
139
115
350
77
384
36
247
198
106
407
288
100
75
47
23
217
8
233
427
385
74
124
39
87
376
297
135
387
428
408
379
398
15
6
293
101
362
73
392
395
62
261
140
187
99
327
448
203
347
181
412
155
394
199
238
109
424
60
315
302
111
152
61
341
369
263
170
180
190
35
27
342
420
125
275
280
321
202
319
133
188
365
417
325
337
227
352
185
249
200
331
287
45
240
94
311
307
356
351
306
57
204
277
388
219
18
50
273
129
164
355
96
131
349
381
402
236
447
43
0
22
301
242
37
72
378
248
298
206
169
34
29
147
127
9
98
435
401
329
359
12
21
3
278
114
89
416
397
324
396
122
195
168
285
138
97
348
250
363
404
386
244
393
228
332
413
144
166
81
197
406
260
161
283
205
425
84
430
13
58
5
49
429
312
151
269
64
145
104
231
19
182
177
323
403
405
83
218
142
79
262
56
409
28
433
54
268
241
434
258
2
317
254
390
132
178
344
214
174
184
391
14
292
358
221
65
91
286
431
372
310
30
154
383
318
284
194
234
173
377
159
116
335
259
368
212
209
117
441
68
172
179
42
70
216
25
290
162
156
414
196
253
134
304
20
271
